2351431.58922998,1815721.23521082,2294124.90266416,2097909.44627435,3202423.53559626,3943765.05056701,3800875.39301082,1772176.56972904,4652113.78958464,1721858.93850693,2926642.4253618,1560801.53048026,2622046.90955843,1140622.95950252,4281363.04963994,2590236.39709906,1553928.57042723,1693066.63327382,1110414.64569198,2613775.24266612,2061983.60897546,1300593.21721628,2929207.13165794,3140310.59723023,3172696.6113608,1730621.83003191,2517338.87318763,1250758.32583543,1615193.03886053,2515443.75554329
2366475.88507171,1323411.52613166,2262401.94898989,1955206.4957267,3335630.08582507,3978625.52808689,4217114.36405323,1706071.67182136,6084033.50092548,1338062.20826271,2783265.96993145,1319175.46891913,3233125.87411897,1892922.82226585,4135503.20763989,2467639.01952041,1530903.80652312,1610850.99970966,1310235.36023493,3599108.95856665,2012284.42362007,1428073.79967124,3051162.82952887,3337684.79752864,3129760.62838973,1268300.03928378,2127874.33159792,1891821.26155779,1309660.61163471,2319057.02786627
2579065.16881734,1786661.37670393,2211540.28080025,2061323.28484556,2947440.95660091,3825470.94634398,3576473.57022577,1728822.71990417,6318666.68274966,1559916.97292437,2692902.08260313,1378131.36974755,3580358.93779982,2576777.67212452,4576917.81462514,2522920.82640795,1489756.00099315,1110037.94729602,2065242.52530487,3795794.6691497,1950208.06649284,1450004.58861076,2751775.57430315,3703023.81515476,2636862.15105355,1762446.85695598,1951495.36830299,1984561.86794164,1415988.65983959,2107155.6875293
2893857.08996684,2434120.09976061,2283911.12989255,1978158.13834567,2078286.3367005,3720398.3656953,3369770.73588716,2110953.90226814,6027069.14491956,931018.415847783,2704938.2181574,1405723.56842703,3256253.36138099,2715101.10131589,4334200.51449574,2545614.22858214,1442626.15511046,1347286.6542817,2884048.76044566,2823988.2548045,1930947.95516431,1544912.11387873,2626517.92617823,3297094.93378784,3117402.05738866,2002747.4521387,2000115.98487053,1587046.50185046,1568449.29919263,1828630.05682979
2951346.79534507,2613595.70783707,2097623.14026053,1891691.33506358,1069056.06004733,3798046.93224684,3458256.28273723,2336716.82028767,5013408.56449232,907791.449317327,2759191.79769944,1326137.34349235,3868915.73205172,2689647.50054725,3554536.15116565,2766880.86456731,1430130.04449961,1694104.88426535,2648188.85793798,1710941.06028965,1971371.319086,1520844.86026445,3244533.59458238,2815923.03655079,3730024.85285752,1681163.87024028,2196250.87076396,1611206.3903701,1717922.43198286,1146381.39985173
2705347.0847504,2371049.06485104,1886682.11193131,1866885.47072676,965266.018821484,3616850.43291409,3365835.28000068,2274941.42028199,4672410.32875569,1459314.86912523,2166221.87680246,1542712.44878295,3699764.65422198,2741353.26895715,2646556.28731493,2848705.59425288,1441166.42120539,1591350.10908715,1402633.55813575,1965055.7165737,2091628.95857993,1513656.07100109,3140230.0732847,3690746.07674004,3502567.92814934,1499689.62721828,2251679.35739865,1531940.41514688,1828735.16387613,1362540.55859198
2341908.05775969,2842583.5617721,1969202.36510337,1780092.00010073,1035076.38887258,3108210.69166432,3330047.98391871,2578523.3324944,4770331.60123836,1012592.82115958,1566477.58021521,1361846.65790974,2841405.2199435,2716432.76942687,2290153.81937278,2617163.02526996,2651182.62656101,1474299.54140159,1147251.60449113,2229482.57735265,1905305.36461727,1561095.04642334,2837689.28318231,3677428.06415134,2708495.09855764,1658577.59687749,2213504.78247615,1745689.04088951,1981792.89372983,1532765.0169016
2270767.23093504,3338387.64725038,1989139.22130822,1666896.01219151,1326445.27889668,2926451.76063938,3001238.35437233,2589439.85189531,5619656.04455039,1018358.79152206,1502318.89150227,969630.078644094,2470987.47249575,2583747.69989357,2368717.55825095,1997395.47507857,3486480.35434579,1812307.15136913,1404331.52496657,1719499.14509694,1396208.56629298,1865830.57780989,3021269.85688233,3137237.31440029,2682931.80604313,1693644.88176219,2062298.44675136,1534252.30918251,1719754.9595593,1931680.79430991
2299925.41938069,3721839.68436259,2281581.35406813,1728108.33015437,1667626.65466505,2926532.33685627,2632850.6268752,2412476.38583096,6386921.84197979,1036004.28210376,1518845.37386068,1063288.62057698,2849260.96684968,2414945.16666828,2316784.05692932,1846735.8875872,3692131.36309749,2352154.61803455,1199708.37543284,948420.699528591,1354754.18865251,1956109.9171847,2618800.66129793,2844680.19455013,2214464.79260205,1717000.76891086,2011232.784551,1796154.98585082,1787805.39765809,1754314.88608655
2316116.23316881,3786302.39326126,2627387.87582139,1926185.35938973,1846714.31882956,3287955.08568704,2827060.63158103,2486909.0590947,6338744.60865678,957993.901241601,1552822.88140493,1464126.46325361,2470234.12227102,2207218.57235674,2406137.10372669,1882574.93566564,3650857.47858469,2338228.692946,560893.813925263,1460823.36899154,1427010.34907989,1889909.19841987,3294867.61101682,3424868.38322046,2562175.16868923,1553303.50200773,2084322.14869278,1730947.61800256,1971975.41625298,1361316.53441924
2226389.25702693,3184305.16544734,2516745.81782133,1979185.76858183,1809854.21824487,3678080.43494926,2665186.47000198,2470975.28334009,6434273.2444198,1385698.84175168,1754202.12863533,1323470.86083573,1952690.83609362,1828346.88177365,2285870.68460386,1719115.05101766,3603817.95117933,1486083.61420495,538749.533155267,1863914.84143405,1484109.46455621,1887992.93900457,3423436.97233461,3871834.83766565,2512110.83040789,1251647.35072484,2096827.79351294,1842932.9349505,1907454.93635893,1650330.62623729
2220722.38602748,2927107.29429969,2416885.02330234,2358889.48511317,1412014.31475967,4007034.98315817,2087322.31294591,2528373.64845954,5755726.22232812,1338439.02609505,1828721.723387,1058303.48398293,2030103.79337798,1418721.71555419,2365619.47134476,1817173.2752985,3516046.30877511,1324643.20868123,645969.474987622,2132721.39364547,1684771.28523559,1825892.27005763,2740262.0769018,4526916.54283513,2350552.26288154,1182943.54769222,2251019.36957954,1913974.59335438,1606414.36171771,1649194.05530816
2301224.09940935,3077248.89668447,2345361.57061342,2555086.38502887,797380.507455468,4218056.46809507,2626995.09557491,2492867.79254327,4120613.2994305,844271.854341673,1940953.48493005,1381331.7232807,2175542.65744846,1396727.44610657,1931256.15237301,1740936.00043398,3364138.44017495,1409132.90615964,1103717.12450343,2091192.22544387,2318150.29647702,1565983.09934846,2388644.70776738,4366168.1944521,2680368.87490704,1192939.27046548,2721509.36950681,1983697.40359561,1260199.8161539,1582875.04005752
2444982.20202966,2658715.13883877,2142072.14544585,2729277.21784307,620606.582703926,4296637.68679707,2951864.51456259,2157023.13920302,2858369.36065104,884321.019552935,1944321.34530108,1333407.64592208,2243342.50524977,1555835.62926544,2564054.18069024,1945775.07453366,3513506.58610035,1496296.02609795,1392336.39461117,1422235.01456396,2433517.40104315,1162381.44826987,1823857.5543364,3619277.84655623,2847248.01725382,1168438.43526564,2769065.40726086,2016730.71616477,1240990.75263667,2173621.15798863
2389537.90457567,2447317.2664768,2045896.87192682,2906520.58980972,1154943.64009505,4097205.03163062,2925930.68039412,1781885.42777928,2701502.46522723,1577539.85793867,1668799.13669577,1044725.96497078,2202776.00617177,1600133.29256766,3657386.62674069,1887448.65250037,3593908.82234622,1408118.97715044,1457996.73178404,2069306.07198873,2192680.58501742,1133729.09694799,773710.517700233,1760818.5198998,2437143.5888455,1588915.7327728,2995950.84001469,1951499.32367205,1324479.29097261,2211748.92751125
2449214.93425112,2091929.15550494,1893552.95054209,2546044.10596544,2002807.37200167,4025126.29075951,2825788.38010169,1790996.05747587,3710832.30971966,1115175.94129556,1770344.38605305,1200243.83879465,2147380.74214278,1485535.56819819,4192696.21191139,1690477.92366373,3510048.60061056,1482671.0855007,1402384.98961676,2445169.47799868,2063116.01879846,1438003.69059067,690804.487260888,2198171.32035309,2504439.92374496,1807141.30195772,3096452.3360744,1928006.50875364,1607076.7656268,2196017.30578187
2562658.2220102,2197677.44125945,1804918.52101041,2551721.0526036,2185391.32401829,3824570.39812901,3235026.037591,1609498.24718865,4765439.7929381,713872.871412094,1977985.55260804,1439466.00734237,2001783.90564478,1384242.35858027,3810056.01812072,1686289.44783505,3598548.49579788,1521855.10901653,1320380.33519168,2992822.89959222,2029593.24559825,1703758.52048129,1533459.02196469,4014323.93061326,2719698.74837328,1420702.84832123,2600025.14034945,1872340.81999357,1176144.49730382,2270402.64769004
2576919.84891579,1671895.52816966,2007822.69346465,2782029.68586427,1743445.34133611,3572400.30703701,3189991.46629493,1967152.60069952,5119803.13012176,812052.233510136,2150017.45706397,1514232.35499513,2059909.46976682,2091781.59992454,2589001.30385077,1907981.09730944,3820441.13891157,1771489.92811733,1190748.62635175,3244998.30163233,1984182.15955933,1958651.21126538,2288652.99840234,4371915.89700782,3330331.44954528,1159194.88765342,2443763.00207192,1867790.3632022,962620.453594136,2682323.45056583
2460056.50493458,1957223.72241925,1970654.29037837,2636467.52711509,1522108.90140321,3572281.93167016,2818914.46956813,2106328.27587088,4352504.80364275,1627295.82847271,2056991.19654208,1598500.04074757,1936524.94058774,2324400.5901891,1389836.60339498,1655477.63336692,3946815.6489106,1594627.22979005,741658.215205887,3355243.70377446,2211023.74585193,2053947.92422859,2609146.78210544,3759204.18471305,3024565.09819871,1369504.73668523,2868200.59208556,1688814.43229014,936002.499605628,2854284.59550242
2525678.61983533,2982632.90011444,1956146.67461934,2477577.36356688,1513770.10779713,3493384.70249809,2753468.53871923,2004334.22499058,4964916.20402874,1155566.53930401,1895482.76814796,1593981.10141976,2844765.06665026,2321465.06929419,2330839.36419376,1777111.35226837,3940872.55104348,1481374.34756881,644075.692208244,2973266.75825705,2292430.16373878,1723396.41238318,2643613.15981166,3709452.42141298,2505139.34487583,1347525.14767379,2742743.03383374,1836303.29104806,910535.160131236,2847488.45249716
2476387.00780903,3458969.87299913,2210359.13744528,2342794.5964262,1448496.4821153,3444015.18117087,2305833.8359254,2710416.28731033,5704056.83727219,885166.139530929,1828260.87205326,1246130.58889545,2850063.20256579,2257502.03712972,3275196.34909646,2047957.83363058,4010661.77794142,2198637.50511318,960120.708425071,2059974.13072617,2312078.88061793,1167623.78298678,2533128.28460943,3799829.39231585,2711535.32928708,1410770.950608,2825256.31468611,1968461.78596955,915707.994389573,3017993.66933883
